[profile2.jpg]
moddate=c54ed1e4d8c5d201
width=1200
height=700
text=2;128;4;Home;Calibri;0.448973,0.516387,0.072222,0.000000;v1,4278190080,4278190080,128.000000,1.000000,0.000000,1.000000,400,256,49152;;147;22;First page of my book!;Calibri;0.430736,0.608763,0.027778,0.000000;v1,4278190080,4278190080,128.000000,1.000000,0.000000,1.000000,400,256,49152;;
textactive=1
[profile.jpg]
moddate=752eb1e9d8c5d201
width=1200
height=700
text=2;131;7;Profile;Calibri;0.442280,0.520913,0.072222,0.000000;v1,4278190080,4278190080,128.000000,1.000000,0.000000,1.000000,400,256,49152;;133;9;About me!;Calibri;0.461903,0.608040,0.027778,0.000000;v1,4278190080,4278190080,128.000000,1.000000,0.000000,1.000000,400,256,49152;;
textactive=1
[blog.jpg]
moddate=8593c4ead8c5d201
width=1200
height=700
text=2;128;4;Blog;Calibri;0.463842,0.512085,0.072222,0.000000;v1,4278190080,4278190080,128.000000,1.000000,0.000000,1.000000,400,256,49152;;144;19;Read my views here!;Calibri;0.437563,0.609816,0.026944,0.000000;v1,4278190080,4278190080,128.000000,1.000000,0.000000,1.000000,400,256,49152;;
textactive=1
